77025481
357115007
134100226
28638131
247966675
257698183
260138569
208806270
191770759
207438708
147187040
126707459
130263358
162022044
191271109
146361865
202003951
169189427
220009584
148024610
243390
174750616
182687905
98786705
174144585
115718405
179139142
67873522
72629713
88364714
92579212
153433423
97852865
47026828
100038390
160887295
177383864
96202337
120908065
110307189
135634554
155081681
91500929
90151958
72434025
135060273
64820970
75063401
116101023
90294621
84617303
158411483
145075625
36169328
125017372
83517315
1586753
103261464
54724334
114732820
73645197
187420998
62007528
77108414
70251710
107010140
77835727
108037878
82455420
88357488
51061119
105768
47211490
102685961
151116516
104352905
41690382
70403148
117027503
46629259
166007347
219022
108435841
158074286
146510104
181339761
90440272
80255756
122744989
141067634
118414021
62785337
108966307
114844116
103251471
0
50228264
50802605
74403387
121629270
59251543
93687367
62983253
11835389
61236534
65237614
100137835
88156227
97375245
125507153
132434639
1554475
55225007
94320883
134008624
144165107
60038950
77073388
69431298
62004688
121897634
70838207
55785112
60316738
133682248
90823660
65556312
82429469
91774413
68108790
1015755
70043165
95023721
138122261
142839137
72611427
70502384
91608337
67017410
47510360
123403419
1685287
64832191
12785204
27751240
152535747
120663589
56631401
0
55520089
24450602
85058311
26681262
116619362
68033544
47656302
93842239
56215889
62163104
46630690
54592779
80027814
102665981
85737841
35258145
60239130
70467623
54308575
62603879
42707
86198765
128122480
47027395
75812205
49451322
88411916
72132785
40833156
83848082
22451514
41764050
44680073
63106589
64878725
48767052
67528882
51068455
43639736
85946294
98618668
77211321
62577067
436059
30433781
85171450
95578040
54688347
61025472
35611637
66135507
50130145
34077439
985052
36089972
68743584
54415205
633456
57845297
704047
65769562
39637079
56397125
67877361
47224594
66411834
66323594
4910483
74036787
474560
45402195
56237634
44076225
50198902
50513488
67572855
93188384
55022245
62304277
46120980
63087526
41282042
31765506
57225526
90033210
12191540
196664
34819017
39327869
46865412
300163
43732319
41059405
79110453
61235105
36948713
56262929
42347760
50342878
29602429
46204168
65575105
67953330
355450
39225962
30576104
54806191
12429515
17081997
7061513
106109650
48464322
23019618
56178450
29355021
54588173
91062152
881104
49038712
31625971
44979319
43899340
69050279
21654047
70165559
27788331
11280591
60119509
118161
102750665
0
44783772
45436830
70885301
24271354
21234994
0
38107822
876001
54365242
65723338
59078912
34221968
52148751
69283690
68139035
48875415
27281735
11000000
20468847
27018486
24166110
61045464
42908051
8805843
44041440
75388688
47072040
46652680
28883406
35753093
48475154
103507
73817950
62504105
30122888
162146
598257
0
55034805
57038404
324769
43369635
24005069
59215365
53113752
36206331
54173286
40489746
16611793
37285325
39023010
31688375
21373064
69637740
22326230
60117080
85558731
42151256
44010155
18361578
72105176
28525613
40457770
51050101
0
34952180
71297219
41011174
44026211
47743273
56217700
8941717
29140617
67004323
84420489
52535096
30002735
25625602
8305823
41039944
33369559
21074
47776293
52107731
75204289
576216
41533432
35363376
53688680
11152500
46312454
60368101
1813781
46607250
59321095
45428128
80366312
44047541
25869770
360018
41082018
49514769
40501814
47604606
33614543
9720993
48745440
25447444
85058003
26125000
38560195
43142214
42558390
65058524
28760246
13740644
37513109
23758855
50771645
597362
53505326
0
22162245
53807379
44307417
9353090
21811180
291121
17100520
39153380
68532960
41671198
35519007
341834
70950500
43720472
55665805
31126882
42522194
35677125
8193052
449839
38527856
861531
25353380
7005719
50085185
45990748
52179887
15129385
28681472
55101604
38155177
26205007
30053627
29350389
58003121
23117068
25010928
14456194
38854851
23523121
41152375
70217070
32512804
17548389
35142554
67408222
46581142
20130142
2689714
55082330
59253211
23244744
50927085
29688730
50203562
34440317
38457003
45038460
52784433
30095259
26853816
27335363
25069525
18469620
22383146
0
10733933
56061504
25337110
25143007
27835125
39155217
28365416
57071445
28623300
11226239
1443809
41325042
56818067
8038855
0
13949807
27537244
39201657
21037414
30051075
55365012
656636
46016833
40406314
320429
33243086
36063385
38054676
33504025
41855326
7602740
58018348
40325019
33627598
23323463
367151
15214805
37132505
27547866
28591370
40049778
12606928
54917604
26769548
30316510
13601682
53003468
36133403
30833665
26223128
34216088
35055556
34119372
125291
48002523
26541709
23773465
20000000
2074929
35006404
26247410
24905015
24834845
22745143
3248481
14869736
25534825
31423025
54713046
33457188
58051684
13522535
7465343
19991537
20176217
26650264
51748040
15018223
26348555
26858726
21678377
27319677
45012998
41607378
47547231
52263680
12107784
73071188
13578151
28871140
54471475
13401586
41062440
29014324
38021044
36011243
31706934
26887467
29702959
28116535
52521865
31001870
224012
54607747
21404420
31211579
32200000
24167011
16840385
45117985
69216890
18017152
37054485
29807393
34048124
30180188
21312625
18966676
16472458
40010975
42346669
44506103
38142825
32207057
54155312
944308
58370007
47735743
23633317
34825135
34017930
25411725
17084296
46522560
35260212
13766814
40506562
49033915
25400000
26419396
271720
35867488
43565135
55043679
33531068
24115934
32753122
0
786190
45687711
18387632
16064723
8684055
55414050
21171780
31542121
40128550
17031345
11084370
393216
26455463
36045301
0
25533700
23234394
29033832
29210849
35451168
76221545
279974
37634221
50237000
176585
111979
37134255
27206494
50746142
537736
28138465
71117625
0
0
36357586
16176967
10430497
8742545
30035838
39699023
42030184
249567
32828348
24830443
21844045
2255233
740455
20038573
18426749
23239907
291940
302393
22525855
23950245
15015393
1512054
30330771
6886080
463883
16363442
40328920
41508572
44213073
38079323
138486
23387530
35316382
29685274
62128420
110375
0
19089645
24011616
29800263
33001803
21018141
27520040
15517468
30304648
51240555
38740203
21681430
24566446
36160621
35028301
10278225
40011365
0
22232291
21052227
21744661
24462976
30030156
26510140
42872605
427987
6307691
25336048
3878099
443003
50472480
515499
29352630
340456
29085719
18709680
21514080
41536370
14287159
479352
21496997
30480153
33369440
12768604
413869
19458109
9889780
278439
11894587
20269723
29769098
38683480
27528529
118920
39115043
46018755
45388836
363949
11001961
17253733
20388800
33526876
3637290
32100000
338604
20553320
32206425
24717037
31236067
50577961
19690956
17007624
272912
989536
31474958
27354808
22445653
17506162
24131738
36389705
24629938
18262471
28875635
14262961
23920637
27687484
75302
13707376
11718981
35018731
49700000
24701458
14860425
30690990
53174303
20172474
22100820
19053199
16755310
25718314
14524321
15210156
19635996
24531923
22609925
72432
23514615
35535250
179953
26044590
11174980
56260707
31603106
0
9724200
20348017
0
33507870
30521679
15507845
29472894
22413710
17619622
30514732
15879645
3900000
35574710
23045635
25271675
27118640
10068126
663205
9311882
858021
9938276
31051923
27450296
10046534
19680879
20145595
37804076
20523595
8571785
23702421
35573187
14800723
32689406
25105990
30061756
6031914
0
37354308
7108344
14089952
28302165
0
36540945
33028165
18723269
37205784
40172720
37062535
23003441
40089015
184725
52568183
143433
24104332
30060467
12778913
0
101926
21635601
39172785
7456
27605576
5223658
33010017
24852258
18222810
3585852
14383515
23104523
30300007
44008406
38531374
32603336
27800000
15193907
16411322
7222035
25015518
24074047
17844939
21727611
25262280
25398367
7918560
60200180
36302612
21027007
23624548
21707617
17161835
14401054
34115335
14328494
21761408
0
15369048
30552694
39852237
25577758
263412
143818
32206
24585139
27202226
13210449
0
32500000
30056751
24763752
16651018
27515871
41202458
42220847
25812796
25725722
16864404
166564
18775350
31033665
17728313
16025987
25356909
31178526
9100000
526011
166391
77873
1808533
30453269
34137828
0
24203754
47606480
19321992
27557647
36011640
20612100
26414386
13420387
244795
30138758
230204
13034238
33013036
12765508
0
9866023
923715
8445656
18445355
39128715
9340245
34233750
13685488
22347341
0
11441733
27408309
329011
28954945
39414071
11364505
19928525
55214334
18275828
167540
1499000
33880
37543710
23817340
18372372
24604751
19883351
21311407
0
21384504
31832636
18122710
17248545
18132085
17271450
10261025
24278410
0
9288915
10519257
0
22155410
18913411
53142
29438331
10848182
22079481
22200000
36075875
35648740
29651193
15190758
20574802
30429860