2.923706026
2.7994391
2.320250281
2.264743305
2.071310218
2.052415039
1.921847111
1.671537444
1.663075401
1.520538536
1.515341399
1.495696292
1.453683476
1.427450087
1.405018048
1.360764054
1.349926083
1.342359942
1.334407706
1.310466296
1.284540518
1.266115964
1.243225667
1.236005118
1.215577205
1.159444662
1.155046416
1.148528393
1.147633833
1.142471295
1.131927996
1.131416446
1.123794079
1.113138548
1.104054072
1.081169825
1.077022372
1.074458282
1.073841394
1.067316101
1.066179747
1.058682142
1.054304
1.046721266
1.034800131
1.029266989
1.027082707
1.025521689
1.025468216
1.02404269
1.017030651
1.006454829
1.00197808
0.995339117
0.977070383
0.970766005
0.968511805
0.967724775
0.962201338
0.961691209
0.959027992
0.955775804
0.94794427
0.942278045
0.94163796
0.93962821
0.934519387
0.92876077
0.925964945
0.925958195
0.910809311
0.902548476
0.89820442
0.89681531
0.894983373
0.894328469
0.886686817
0.880705312
0.880166924
0.877244782
0.873637528
0.870325439
0.86839056
0.865011746
0.863756051
0.859208836
0.858848019
0.856085151
0.855301806
0.848593948
0.845555777
0.83903063
0.836303693
0.825025036
0.822854286
0.822854286
0.817400891
0.814337054
0.814044001
0.81336738
0.801693929
0.797858331
0.795922298
0.792910554
0.791657398
0.791217826
0.790653942
0.788976453
0.788680968
0.785896609
0.782836791
0.775398007
0.774153007
0.773350147
0.770962583
0.760928081
0.760732926
0.760006945
0.759853685
0.757930663
0.755356711
0.752600867
0.748049949
0.746921274
0.746846894
0.7460457
0.745013115
0.743559645
0.741847937
0.735099102
0.726264074
0.726229501
0.714421503
0.712205856
0.711025481
0.710644566
0.70970978
0.708982323
0.70470966
0.703170837
0.701842551
0.699992512
0.698509825
0.69471338
0.694478392
0.694394724
0.689810862
0.687228908
0.687228908
0.682716636
0.678226465
0.677796076
0.672806432
0.668045518
0.667094506
0.665692281
0.657926987
0.657869686
0.654855901
0.654264015
0.654213485
0.65377997
0.653428261
0.64478314
0.634338384
0.632083197
0.631607053
0.630620818
0.629443428
0.626571697
0.626137675
0.623933331
0.623726085
0.622674139
0.621537519
0.61917995
0.618638999
0.616505162
0.612054506
0.609016565
0.607274134
0.605425157
0.603900354
0.603873119
0.592462816
0.589580482
0.589390539
0.587235983
0.586764305
0.585796247
0.585410052
0.579707738
0.579330426
0.574481229
0.569651467
0.569592298
0.567535383
0.566652812
0.563749323
0.559852396
0.556906378
0.554987477
0.553810228
0.553709788
0.552639571
0.549368315
0.54745902
0.546388108
0.544185156
0.543934105
0.543848418
0.543157985
0.542358331
0.542063846
0.540455876
0.538983207
0.538375067
0.536414293
0.532950503
0.529338515
0.529323962
0.528583774
0.527965936
0.527016307
0.526760632
0.524976069
0.524580592
0.524028679
0.522657936
0.52131189
0.521170825
0.520881154
0.519311965
0.506863592
0.505703557
0.504050219
0.503162313
0.498781117
0.497409852
0.497375381
0.494879471
0.494580615
0.493311825
0.493214993
0.491730089
0.490719763
0.488441368
0.487287646
0.486797988
0.485930816
0.485004754
0.484592874
0.484068861
0.483866772
0.482349603
0.481800873
0.481045837
0.476684675
0.476512065
0.47607118
0.475186706
0.475106177
0.474968763
0.474171806
0.474009154
0.473122525
0.471977336
0.471222889
0.470116094
0.469328079
0.469058574
0.468266122
0.467989645
0.467365246
0.467222728
0.463406268
0.461991867
0.461421559
0.460435291
0.460435291
0.459242249
0.457696391
0.456082343
0.454627263
0.453210959
0.451183391
0.45071715
0.450064993
0.449762638
0.449326618
0.449220945
0.448191819
0.445135288
0.444100035
0.443280904
0.443140005
0.442299309
0.441306145
0.441286195
0.440603537
0.439048914
0.438966392
0.436233122
0.435732529
0.433371112
0.432243292
0.431971116
0.431058604
0.429632142
0.428028233
0.427344325
0.42658851
0.426531897
0.426505244
0.426074373
0.42496762
0.424208848
0.424208848
0.419665568
0.418765519
0.417282021
0.415933406
0.415686217
0.415484914
0.414828246
0.414351546
0.41310617
0.411569241
0.411046449
0.411002906
0.410902662
0.409231607
0.408754975
0.408430415
0.408402141
0.408247917
0.407711549
0.407150844
0.407141258
0.406878233
0.405421518
0.404980543
0.40344983
0.403354469
0.402382193
0.402264843
0.402064899
0.40202783
0.400063852
0.398479497
0.396592829
0.396271103
0.394436586
0.393252111
0.392924807
0.391081192
0.390793895
0.390493908
0.389925971
0.389681935
0.388156011
0.387053506
0.386600138
0.386041607
0.385680446
0.384579472
0.384336108
0.384298736
0.383930656
0.383336762
0.383257136
0.382891104
0.382238181
0.381545846
0.38150987
0.38008029
0.379751655
0.379014294
0.378882411
0.378410542
0.377617598
0.376152455
0.375740705
0.374583879
0.374111707
0.373993951
0.373672993
0.373515621
0.373062864
0.372234864
0.371985018
0.37159421
0.371353001
0.370569774
0.370541256
0.369884651
0.369330363
0.36887576
0.368780809
0.368744044
0.367799011
0.367799011
0.366101666
0.365582797
0.365352546
0.365304105
0.363889678
0.363258859
0.363204635
0.36274428
0.36221174
0.362000072
0.3618324
0.361682618
0.36036687
0.359200044
0.359126022
0.35899485
0.358375603
0.358372926
0.357288178
0.3572774
0.356700357
0.356296601
0.355237933
0.354825435
0.353659851
0.353284621
0.353133898
0.352927224
0.352794081
0.35261669
0.352333929
0.352194034
0.352114312
0.351723989
0.351692268
0.351583407
0.351496066
0.350448145
0.349822765
0.349546142
0.349464664
0.349183316
0.348319861
0.34754536
0.347512318
0.347325802
0.347182886
0.346118277
0.346079773
0.345823032
0.343471816
0.342695435
0.342463063
0.341631208
0.340952971
0.340487862
0.33979589
0.337580051
0.336567158
0.336365676
0.335802786
0.335287748
0.335062621
0.334933831
0.334897606
0.334897606
0.334272563
0.333535934
0.333107271
0.333011068
0.332500002
0.332207671
0.331526598
0.331333876
0.330444045
0.329803958
0.329398046
0.328718434
0.328349387
0.328203506
0.328203506
0.327333559
0.326706115
0.326479141
0.325338851
0.325286646
0.325186032
0.322161245
0.321885765
0.321834351
0.321752656
0.321731527
0.321669741
0.321457747
0.320689294
0.320406242
0.320145693
0.319715683
0.319713881
0.317375031
0.316897787
0.316791257
0.316360478
0.315156409
0.31502593
0.314975955
0.314432837
0.314178011
0.313701294
0.31289792
0.312296056
0.312242626
0.312136671
0.311312624
0.310650585
0.309979994
0.309492681
0.309460292
0.309231694
0.307592427
0.307166834
0.307127625
0.30694167
0.306889114
0.306776732
0.306515884
0.306442085
0.304868961
0.304654182
0.304320254
0.303723636
0.303144152
0.303025485
0.302710615
0.302469017
0.301970083
0.301913131
0.300854823
0.300478449
0.300473716
0.300400432
0.300228084
0.300157638
0.300135367
0.299965036
0.299820798
0.299288605
0.299268508
0.298572799
0.297795726
0.297372261
0.297002527
0.296999813
0.296938801
0.296578797
0.296482446
0.296339528
0.296069199
0.294805697
0.294456605
0.293514336
0.293503354
0.292817898
0.291480452
0.291420351
0.290930148
0.290835269
0.290745055
0.289317794
0.288885818
0.288752301
0.288670284
0.288485135
0.288175335
0.287928194
0.287553595
0.287144079
0.286801374
0.286168572
0.2861407
0.285444603
0.2841391
0.282570682
0.282438834
0.278780441
0.278454417
0.278019771
0.277448382
0.27614475
0.275698039
0.275678613
0.27529345
0.275248615
0.27470334
0.274650803
0.274470394
0.274325949
0.273961019
0.273552592
0.273339556
0.273144151
0.272742922
0.271457301
0.270665134
0.270248367
0.269994119
0.269958228
0.269784201
0.26975543
0.268533313
0.268426634
0.268175631
0.267770708
0.26744715
0.267045765
0.266915287
0.266614059
0.265328738
0.265126918
0.264770996
0.26421822
0.264118712
0.264105545
0.26392018
0.26282194
0.262681282
0.262552893
0.26251149
0.261989769
0.261317921
0.261183588
0.261119292
0.260502115
0.260095986
0.259939835
0.259368448
0.259175788
0.258097122
0.257938649
0.257753889
0.257589721
0.256786742
0.25669752
0.256283912
0.256271286
0.256067149
0.256067149
0.255745157
0.255743093
0.255000211
0.25415839
0.25413491
0.253890701
0.253625427
0.252909177
0.252712101
0.252442974
0.252276927
0.251410631
0.25121267
0.251171807
0.250849789
0.250821495
0.250425512
0.250397798
0.250341816
0.250288523
0.250162278
0.249348933
0.248639099
0.248118121
0.247933248
0.247585244
0.247290327
0.246999039
0.246984278
0.246233113
0.245724603
0.245700832
0.245676146
0.245623848
0.245527149
0.245285165
0.245179562
0.245179562
0.245077583
0.244874809
0.244819862
0.244721064
0.244232688
0.243611982
0.243240178
0.243006126
0.242875078
0.242786137
0.242688965
0.242295562
0.240891763
0.240797623
0.240697856
0.240685326
0.240646355
0.240171783
0.240159255
0.240031274
0.23960621
0.239268602
0.238843729
0.238235719
0.237536126
0.237382724
0.237202299
0.237113184
0.236412453
0.236350661
0.235956898
0.235926552
0.235860116
0.235666219
0.235483004
0.234989584
0.234801895
0.234798636
0.233555708
0.233503234
0.233093859
0.232722935
0.23261743
0.232372681
0.232325503
0.232225908
0.231976425
0.23160515
0.231252591
0.230884728
0.230685453
0.230594962
0.230099013
0.229930771
0.229147509
0.228738393
0.228122928
0.227994792
0.227927165
0.227853986
0.227817248
0.227514205
0.227356156
0.22709129
0.226945087
0.226904017
0.22683776
0.226497209
0.22642542
0.226349749
0.22597334
0.225933435
0.225918798
0.22550821
0.225132113
0.224920375
0.22487496
0.224012234
0.223664608
0.223387299
0.223241637
0.2228096
0.222724172
0.222446882
0.222104681
0.221831086
0.22160016
0.221303188
0.220889446
0.220673217
0.220239925
0.220021259
0.219922417
0.219851172
0.219375562
0.219103655
0.219100084
0.218843645
0.218791811
0.218613188
0.218340595
0.218122627
0.217776646
0.217408513
0.217254604
0.21712428
0.216972543
0.216763646
0.216639112
0.216614388
0.216528528
0.216197492
0.216197492
0.215905815
0.215887717
0.215880014
0.215863606
0.215862692
0.215663859
0.215394738
0.215294342
0.215283742
0.214945591
0.214657577
0.214577242
0.214215889
0.214115531
0.21410462
0.214034224
0.214015089
0.213977285
0.213928762
0.213719942
0.213216216
0.212902372
0.212874864
0.21274272
0.212587173
0.212404396
0.212385533
0.211989043
0.21195242
0.211822697
0.211819354
0.211787511
0.211780824
0.211622535
0.211468235
0.211343479
0.211343479
0.21088895
0.210308099
0.209960527
0.209838559
0.209838559
0.209196298
0.209035668
0.208314186
0.208177026
0.208076205
0.207725639
0.207557117
0.207517509
0.207515725
0.207039844
0.20667844
0.20643105
0.206071502
0.205850169
0.205843612
0.205842393
0.205754447
0.20566821
0.205637183
0.205599393
0.205405498
0.205372791
0.205366737
0.205035819
0.204920882
0.204681899
0.204594016
0.204394183
0.204334455
0.2043134
0.204222
0.203627753
0.203567857
0.203509374
0.203427584
0.203388341
0.203388186
0.203277636
0.203172417
0.202292902
0.202084756
0.201957688
0.201634991
0.201585328
0.201545517
0.200811689
0.200687492
0.200512643
0.199850315
0.199603202
0.199043471
0.199006387
0.199006387
0.198685114
0.198636868
0.198520934
0.198467168
0.19832635
0.198087212
0.197757387
0.197744377
0.197687603
0.197183546
0.197183546
0.197101678
0.197079546
0.196710396
0.196567262
0.196393745
0.19611457
0.195745823
0.195702963
0.1953204
0.195268056
0.195243464
0.195243411
0.194694725
0.194564672
0.194137403
0.19396767
0.193921372
0.193772504
0.193764664
0.193678298
0.1933558
0.192927708
0.192907684
0.192330738
0.192330738
0.191502426
0.191466556
0.190539357
0.19053863
0.190400157
0.190304772
0.190213455
0.18985956
0.18939638
0.189176423
0.189017596
0.189015611
0.188498619
0.188133322
0.188133322
0.187884007
0.187733202
0.187436818
0.187361754
0.187281115
0.187170704
0.187134117
0.186883563
0.186797986
0.186797986
0.186303759
0.186167139
0.186053725
0.186003591
0.185991646
0.18577031
0.185400345
0.185382813
0.185260553
0.184928542
0.184928542
0.184827559
0.184367145
0.183936074
0.183887723
0.183658498
0.183611771
0.183510278
0.183510278
0.183428689
0.183348429
0.183097323
0.183031272
0.183018522
0.182968902
0.182291969
0.182290266
0.182290266
0.182057016
0.182016617
0.182016617
0.181674817
0.181489203
0.181325565
0.181239132
0.181096164
0.181001478
0.180906076
0.180630907
0.180622424
0.180613824
0.180563636
0.18055755
0.179968873