2009
2019
2022
1997
2015
2018
2021
2015
2019
2012
2015
2022
2019
2023
2015
2023
2018
2011
2017
2018
2013
2017
2018
2017
2013
2015
2016
2018
2003
2012
2019
2019
2011
1993
2014
2012
2019
2019
2019
2010
2006
2016
2019
2011
2017
2016
1999
2016
2010
2001
2012
2008
2022
2017
2010
2013
1994
2016
2014
2007
2013
2022
2002
2007
2003
2022
2009
2004
2023
2002
2018
2021
2001
2005
2007
2016
2009
2015
2017
2012
2016
2017
2005
2013
2017
2022
2015
2018
2017
2012
2023
2010
2009
2002
2017
2021
1996
2017
2016
2007
2019
2004
2017
1982
2018
2009
2008
2004
2013
2018
2016
1977
2021
2014
2022
2022
2019
2006
2014
2012
2014
2010
2013
2012
2016
2014
2005
2013
2003
2009
2019
2021
2014
2011
2009
2014
2007
2014
2023
2014
2017
2019
2010
2011
2008
2012
2023
2016
2021
2015
1994
2016
1999
2013
2006
2011
2017
2014
2018
2003
2012
2002
2015
2013
2016
2008
2004
2015
2008
2022
2011
2010
2007
2018
2014
2017
1997
2006
2004
2012
2018
2017
2008
2005
2010
2008
1997
2013
2011
2008
2007
2001
2018
2006
2015
2023
2023
2017
2011
2011
2005
2011
2016
1998
2004
2012
2014
2000
2018
2016
2011
2010
2015
2005
2013
2012
1980
2007
2015
2018
2018
2018
2017
2017
2018
2014
2019
2009
2004
2008
2016
1991
2015
2021
1990
1992
2000
2014
2004
1999
2010
1996
2013
2010
2019
2017
2001
2005
2023
2009
2014
2003
2010
2011
1998
2011
2022
1990
1975
2023
2015
1983
2005
1989
2015
2019
2016
2012
2021
2009
2014
2014
2018
2013
1999
1990
2006
2020
2006
2022
2007
1996
2006
2003
2020
2018
2001
2019
2019
2011
2001
1999
2002
2007
2001
2009
2012
1973
1993
2015
2016
2023
2018
2017
2003
2021
2002
2019
2000
2018
2003
2011
2023
2020
2012
1991
1990
2020
2008
2008
2019
1999
2010
2016
2013
2014
2009
1989
1992
2013
2017
2017
2016
2008
2021
2002
2003
2022
2022
2013
2022
2019
2008
2012
1939
2018
2021
2021
2010
2006
2012
1978
1995
2022
2018
2006
2023
1991
1981
2016
2007
2015
2019
2015
2009
2019
2006
2018
2017
1985
2002
2023
2016
2017
2009
2015
2021
1998
1994
2008
2019
2012
2013
2004
2000
2011
2005
2014
2009
2007
2018
2005
2009
2011
2014
1998
2014
1993
2001
2002
2019
2018
1995
2018
2007
2020
1999
1998
2014
2004
2001
2013
1999
2018
2009
2014
2010
1992
2012
2002
1986
2001
2016
1999
1995
1988
2013
2019
2004
1992
2017
2011
2016
1995
2002
2013
2001
1994
2018
1994
2000
2018
1998
2012
2014
2013
2004
2001
2016
2017
1995
2000
2016
2011
2008
1994
2018
2007
2006
2014
1995
2010
2008
2012
1996
2016
2016
2017
2001
2005
1984
1997
1989
2015
2021
2014
2000
1988
2010
2000
2019
1986
2019
1995
2006
2014
1996
2009
2015
1993
2010
2016
2018
1992
2010
2009
1996
2013
1987
2020
2010
2009
2004
2001
1984
1997
2017
2012
2005
1997
1999
2019
2015
2016
2017
2007
2010
2008
1996
1999
2009
2017
2014
2006
2012
1977
2002
2017
2011
2018
2013
1998
2016
2016
2012
1997
2009
2012
2007
1991
1978
1985
1985
2010
2004
1999
1987
2016
1997
2011
2008
2018
2020
2015
1989
2002
1984
2016
2000
2017
2010
1998
2007
2010
2009
2006
2000
2018
2004
2010
1998
2014
1988
2022
2005
2018
1995
2001
2015
1999
2013
2013
1998
2012
2013
2014
2010
2016
2000
2002
2012
2014
2002
2012
2023
2001
2018
2010
2013
1996
1996
2003
2002
1991
2010
2014
1993
2013
2008
2008
2007
2023
2013
2014
2017
1942
2009
1992
1993
2003
2004
2008
1995
1998
2000
1997
1995
2019
2006
2005
2010
1990
2009
2019
2013
2011
2018
2015
2003
2007
1997
2017
2014
2021
2004
2015
2000
2019
2019
2017
2008
1993
2017
1995
2019
2007
2008
1997
2019
2010
2020
1997
2013
1998
1998
2006
2003
1972
1998
2022
2002
1999
2000
2003
2017
1994
2019
2013
2015
2011
1994
1997
2016
2012
2003
2019
2008
1990
2015
2014
1998
2008
2013
1992
2009
2002
2015
2014
1996
2017
2016
2016
2006
2020
2013
2012
1990
1988
2022
2018
1997
2004
2010
2000
1977
2012
2003
2016
2001
1989
2015
1999
2012
1999
2015
2014
2021
2008
2003
2011
2007
2012
2007
1996
1992
2019
2005
2008
1996
1997
2013
2016
2007
2015
2017
1993
1989
2011
1985
2003
2017
2017
2011
2008
2010
2022
2013
2017
1997
2019
2019
2008
2010
2000
1997
1994
2005
2008
2014
1989
2004
1999
2021
2017
1990
2021
2003
2004
2016
2007
2011
2008
2009
2004
2019
2013
1998
2012
2005
2017
2022
2022
2014
2016
2004
2011
1988
2010
2011
2020
2020
1994
1961
2015
1992
2000
1989
2000
2010
2011
2014
1987
2018
2018
2009
2002
1994
2000
1994
2004
1995
2014
2008
2000
2023
1999
1995
1999
2016
2014
2011
2008
2010
2003
2004
1989
2022
2009
1979
2001
2011
2018
2002
2015
2016
2023
2012
2003
2022
2001
2000
2011
1993
2021
1999
2006
1967
2021
2016
2006
2013
2009
1991
2020
2013
2017
2008
2005
2010
2019
2021
2008
2023
2007
2004
2010
2015
2001
2016
2014
2004
1998
1990
1990
2015
2012
2008
2006
2001
1990
2013
2019
2002
2010
2020
1998
2005
2004
2012
2018
2012
2012
2018
2013
2017
2021
2003
2002
2014
1994
2007
2012
2003
2008
2019
1993
2017
2016
2019
2015
2005
2011
2002
2002
2017
2016
2007
2019
2022
2014
2019
1991
2005
1994
2003
2018
2019
2000
1995
2019
1998
2014
1988
2023
2013
2018
1978
2013
1995
2011
2004
2022
2007
1998
2005
2015
2003
2009
2001
2006
1998
2011
2017
2009
1996
2001
1937
2014
2011
2016
2015
2009
2000
2016
2014
2017
2009
1992
1994
2012
1998
1991
2003
2014
1995
1995
2016
2006
1996
2021
2004
1991
2002
2003
2002
2002
2017
2016
2006
2022